Preview: resources/screenshots/33.png
Seed: 1804289383
Lines: 20 Columns: 50
2.352044 2.279912 2.207155 2.135581 2.067171 2.004045 1.948385 1.902330 1.867819 1.846428 1.839179 1.846428 1.867819 1.902330 5.227074 5.282732 5.345858 5.414270 2.207155 2.279912 0.0000000 0.0000000 0.0000000 0.0000000 0.0000000 0.0000000 0.0000000 0.0000000 0.0000000 0.0000000 0.0000000 0.0000000 0.0000000 0.0000000 0.0000000 0.0000000 0.0000000 0.0000000 0.0000000 0.0000000 0.0000000 0.0000000 0.0000000 0.0000000 0.0000000 0.0000000 0.0000000 0.0000000 0.0000000 0.0000000 0.0000000 
2.279912 2.198035 2.115201 2.033373 1.954761 1.881793 1.817059 1.763173 1.722580 1.697317 1.688735 1.697317 1.722580 1.763173 5.095747 5.160481 5.233449 5.312060 2.115201 2.198035 0.0000000 0.0000000 0.0000000 0.0000000 0.0000000 0.0000000 0.0000000 0.0000000 0.0000000 0.0000000 0.0000000 0.0000000 0.0000000 0.0000000 0.0000000 0.0000000 0.0000000 0.0000000 0.0000000 0.0000000 0.0000000 0.0000000 0.0000000 0.0000000 0.0000000 0.0000000 0.0000000 0.0000000 0.0000000 0.0000000 0.0000000 
2.207155 2.115201 2.021774 1.928959 1.839179 1.755199 1.680074 1.617018 1.569169 1.539219 1.529016 1.539219 1.569169 1.617020 4.958763 5.033887 5.117866 5.207646 2.021774 2.115201 0.0000000 0.0000000 0.0000000 0.0000000 0.0000000 0.0000000 0.0000000 0.0000000 0.0000000 0.0000000 0.0000000 0.0000000 0.0000000 0.0000000 0.0000000 0.0000000 0.0000000 0.0000000 0.0000000 0.0000000 0.0000000 0.0000000 0.0000000 0.0000000 0.0000000 0.0000000 0.0000000 0.0000000 0.0000000 0.0000000 0.0000000 
2.135581 2.033373 1.928959 1.824496 1.722580 1.626296 1.539219 1.465307 1.408635 1.372869 1.360630 1.372869 1.408635 5.238892 5.312802 5.399879 5.496163 1.824496 1.928959 2.033373 0.0000000 0.0000000 0.0000000 0.0000000 0.0000000 0.0000000 0.0000000 0.0000000 0.0000000 0.0000000 0.0000000 0.0000000 0.0000000 0.0000000 0.0000000 0.0000000 0.0000000 0.0000000 0.0000000 0.0000000 0.0000000 0.0000000 0.0000000 0.0000000 0.0000000 0.0000000 0.0000000 0.0000000 0.0000000 0.0000000 0.0000000 
2.067171 1.954761 1.839179 1.722580 1.607646 1.497712 1.396867 1.309958 1.242328 1.199131 1.184247 1.199133 1.242328 5.083545 5.170452 5.271296 5.381230 1.722581 1.839179 1.954761 0.0000000 0.0000000 0.0000000 0.0000000 0.0000000 0.0000000 0.0000000 0.0000000 0.0000000 0.0000000 0.0000000 0.0000000 0.0000000 0.0000000 0.0000000 0.0000000 0.0000000 0.0000000 0.0000000 0.0000000 0.0000000 0.0000000 0.0000000 0.0000000 0.0000000 0.0000000 0.0000000 0.0000000 0.0000000 0.0000000 0.0000000 
2.004045 1.881793 1.755199 1.626296 1.497712 1.372869 1.256271 1.153687 1.072129 1.019057 1.000563 1.019057 1.072131 4.927271 5.029856 5.146454 5.271296 1.626296 1.755199 1.881793 0.0000000 0.0000000 5.555555 5.555555 5.555555 5.555555 0.0000000 0.0000000 0.0000000 0.0000000 0.0000000 3.225806 3.225806 3.225806 3.225806 23.571788 23.571788 23.571788 23.571788 0.0000000 0.0000000 0.0000000 0.0000000 0.0000000 0.0000000 0.0000000 0.0000000 0.0000000 0.0000000 0.0000000 0.0000000 
1.948385 1.817059 1.680074 1.539219 1.396867 1.256271 1.122002 1.000563 0.900912 0.834075 0.810327 7.854831 7.921669 11.794904 11.916343 8.363188 8.503785 9.039217 12.354677 9.158329 0.0000000 0.0000000 5.555555 10.960960 10.960960 10.960960 5.405405 0.0000000 0.0000000 0.0000000 0.0000000 16.820276 16.820276 16.820276 16.820276 34.454143 34.454143 34.454143 34.454143 0.0000000 0.0000000 0.0000000 0.0000000 0.0000000 0.0000000 0.0000000 0.0000000 0.0000000 0.0000000 0.0000000 0.0000000 
1.902330 1.763173 1.617018 1.465307 1.309958 1.153687 1.000563 0.857046 0.733656 0.646484 18.445070 25.497991 25.585161 30.359714 12.672483 9.138182 9.294456 8.965307 12.291623 9.104440 0.0000000 0.0000000 5.555555 10.960960 10.960960 10.960960 5.405405 0.0000000 0.0000000 0.0000000 0.0000000 23.271888 23.271888 23.271888 23.271888 34.454143 40.168426 40.168426 40.168426 5.714285 0.0000000 0.0000000 0.0000000 0.0000000 0.0000000 0.0000000 0.0000000 0.0000000 0.0000000 0.0000000 0.0000000 
1.867819 1.722580 1.569169 1.408635 1.242328 1.072129 0.900912 0.733656 0.580169 0.461202 27.775772 82.725250 86.018829 90.823471 63.628314 12.231228 9.226822 8.908634 12.243770 9.063850 0.0000000 0.0000000 5.555555 10.960960 10.960960 10.960960 10.405405 5.0000000 5.0000000 5.0000000 0.0000000 28.677293 28.677293 28.677293 28.677293 34.454143 46.620044 46.620044 46.620044 12.165899 0.0000000 0.0000000 0.0000000 0.0000000 0.0000000 0.0000000 0.0000000 0.0000000 0.0000000 0.0000000 0.0000000 
7.401983 13.502872 13.344774 13.178424 7.449131 1.019057 0.834075 0.646484 0.461202 0.293676 27.570705 85.732330 92.778167 97.614616 70.439781 15.881856 9.183628 8.872871 12.213822 9.038584 0.0000000 0.0000000 0.0000000 5.405405 5.405405 5.405405 10.405405 5.0000000 5.0000000 5.0000000 0.0000000 25.451488 25.451488 25.451488 25.451488 10.882352 23.048252 23.048252 23.048252 12.165899 0.0000000 0.0000000 0.0000000 0.0000000 0.0000000 0.0000000 0.0000000 0.0000000 0.0000000 0.0000000 0.0000000 
7.394734 19.744289 19.584571 19.416187 13.684246 1.000563 0.810327 0.614320 0.413359 0.208292 27.362411 78.626190 85.709571 90.561691 63.395278 12.530033 5.835409 1.360630 1.529016 1.688735 0.0000000 0.0000000 0.0000000 0.0000000 0.0000000 0.0000000 5.0000000 5.0000000 5.0000000 5.0000000 0.0000000 11.857018 18.308631 18.308631 24.760244 12.903225 18.617511 18.617511 12.165899 12.165899 0.0000000 0.0000000 0.0000000 0.0000000 0.0000000 0.0000000 0.0000000 0.0000000 0.0000000 0.0000000 0.0000000 
30.727106 43.077995 42.919899 19.428424 13.699132 1.019057 0.834075 0.646484 0.461202 0.293676 9.739955 80.846984 115.051933 115.237220 105.893150 35.056476 1.199131 1.372869 1.539219 1.697318 0.0000000 0.0000000 0.0000000 0.0000000 0.0000000 0.0000000 5.0000000 5.0000000 5.0000000 5.0000000 0.0000000 5.405405 11.857018 11.857018 18.308631 12.903225 12.903225 12.903225 39.533393 39.533393 33.081779 33.081779 0.0000000 0.0000000 0.0000000 0.0000000 0.0000000 0.0000000 0.0000000 0.0000000 0.0000000 
30.748498 43.103256 42.949848 19.464191 13.742328 1.072131 0.900912 0.733656 0.580169 0.461202 0.413358 23.601966 85.347106 85.500595 85.667846 62.698284 1.242328 1.408635 1.569169 1.722581 0.0000000 0.0000000 0.0000000 0.0000000 0.0000000 0.0000000 0.0000000 0.0000000 0.0000000 0.0000000 0.0000000 0.0000000 6.451612 6.451612 18.785577 18.785577 12.333965 12.333965 44.856670 109.538604 109.538604 109.538604 64.681930 0.0000000 0.0000000 0.0000000 0.0000000 0.0000000 0.0000000 0.0000000 0.0000000 
25.227453 31.338296 31.192144 7.715307 7.559961 1.153687 1.000563 0.857046 0.733656 0.646484 0.614320 20.612648 78.622283 78.745666 78.889190 59.076137 1.309961 1.465309 1.617021 1.763172 0.0000000 0.0000000 0.0000000 0.0000000 0.0000000 0.0000000 0.0000000 0.0000000 0.0000000 0.0000000 0.0000000 0.0000000 12.333965 12.333965 41.085243 41.085243 28.751275 28.751275 44.856670 109.538604 109.538604 109.538604 64.681930 0.0000000 0.0000000 0.0000000 0.0000000 0.0000000 0.0000000 0.0000000 0.0000000 
25.273508 25.142183 25.005197 1.539219 1.396867 1.256272 1.122002 1.000563 0.900912 0.834075 0.810327 20.800237 78.789535 78.889190 79.010627 59.178722 1.396867 1.539221 1.680074 1.817059 0.0000000 0.0000000 0.0000000 0.0000000 0.0000000 0.0000000 0.0000000 0.0000000 0.0000000 0.0000000 0.0000000 5.882352 18.431371 18.431371 40.731033 34.848682 22.299663 22.299663 44.856670 109.538604 109.538604 109.538604 64.681930 0.0000000 0.0000000 0.0000000 0.0000000 0.0000000 0.0000000 0.0000000 0.0000000 
2.004045 1.881793 1.755200 1.626296 1.497712 1.372869 1.256272 1.153687 1.072131 1.019055 1.000563 1.019055 31.835468 31.917026 32.019607 32.136211 1.497712 1.626296 1.755199 1.881795 0.0000000 0.0000000 0.0000000 0.0000000 0.0000000 0.0000000 0.0000000 0.0000000 0.0000000 0.0000000 0.0000000 5.882352 23.986926 23.986926 46.286590 40.404235 22.299663 22.299663 11.774891 76.456825 76.456825 76.456825 64.681930 0.0000000 0.0000000 0.0000000 0.0000000 0.0000000 0.0000000 0.0000000 0.0000000 
2.067168 1.954761 1.839179 1.722580 1.607646 1.497712 1.396867 1.309961 1.242328 1.199131 1.184247 1.199131 1.242328 1.309961 1.396867 1.497712 1.607646 1.722580 1.839180 1.954763 0.0000000 0.0000000 0.0000000 0.0000000 0.0000000 0.0000000 0.0000000 0.0000000 0.0000000 0.0000000 0.0000000 5.882352 23.986926 23.986926 40.404235 34.521884 16.417310 16.417310 0.0000000 0.0000000 0.0000000 0.0000000 0.0000000 0.0000000 0.0000000 0.0000000 0.0000000 0.0000000 0.0000000 0.0000000 0.0000000 
2.135581 2.033373 1.928959 1.824496 1.722581 1.626296 1.539219 1.465307 1.408635 1.372869 1.360630 1.372869 1.408635 1.465309 1.539221 1.626296 1.722580 1.824497 1.928961 2.033370 0.0000000 0.0000000 0.0000000 0.0000000 0.0000000 0.0000000 0.0000000 0.0000000 0.0000000 0.0000000 0.0000000 5.882352 18.104574 18.104574 18.104574 12.222221 0.0000000 0.0000000 0.0000000 0.0000000 0.0000000 0.0000000 0.0000000 0.0000000 0.0000000 0.0000000 0.0000000 0.0000000 0.0000000 0.0000000 0.0000000 
2.207155 2.115201 2.021774 1.928959 1.839179 1.755199 1.680074 1.617020 1.569169 1.539219 1.529016 1.539219 1.569169 1.617021 1.680074 1.755199 1.839180 1.928961 2.021773 2.115201 0.0000000 0.0000000 0.0000000 0.0000000 0.0000000 0.0000000 0.0000000 0.0000000 0.0000000 0.0000000 0.0000000 0.0000000 5.555555 5.555555 5.555555 5.555555 0.0000000 0.0000000 0.0000000 0.0000000 0.0000000 0.0000000 0.0000000 0.0000000 0.0000000 0.0000000 0.0000000 0.0000000 0.0000000 0.0000000 0.0000000 
2.279912 2.198035 2.115201 2.033373 1.954761 1.881793 1.817060 1.763172 1.722581 1.697315 1.688735 1.697318 1.722581 1.763172 1.817059 1.881795 1.954763 2.033370 2.115201 2.198035 0.0000000 0.0000000 0.0000000 0.0000000 0.0000000 0.0000000 0.0000000 0.0000000 0.0000000 0.0000000 0.0000000 0.0000000 0.0000000 0.0000000 0.0000000 0.0000000 0.0000000 0.0000000 0.0000000 0.0000000 0.0000000 0.0000000 0.0000000 0.0000000 0.0000000 0.0000000 0.0000000 0.0000000 0.0000000 0.0000000 0.0000000 
0.0000000 0.0000000 0.0000000 0.0000000 0.0000000 0.0000000 0.0000000 0.0000000 0.0000000 0.0000000 0.0000000 0.0000000 0.0000000 0.0000000 0.0000000 0.0000000 0.0000000 0.0000000 0.0000000 0.0000000 0.0000000 0.0000000 0.0000000 0.0000000 0.0000000 0.0000000 0.0000000 0.0000000 0.0000000 0.0000000 0.0000000 0.0000000 0.0000000 0.0000000 0.0000000 0.0000000 0.0000000 0.0000000 0.0000000 0.0000000 0.0000000 0.0000000 0.0000000 0.0000000 0.0000000 0.0000000 0.0000000 0.0000000 0.0000000 0.0000000 0.0000000 
