Preview: resources/screenshots/b2.png
Seed: 1804289383
Lines: 20 Columns: 50
2.352044 2.279913 2.207156 2.135582 2.067171 2.004045 1.948385 1.902330 1.867820 1.846428 1.839179 1.846428 1.867820 1.902330 5.227074 5.282733 5.345858 5.414271 2.207156 2.279913 0.0000000 0.0000000 0.0000000 0.0000000 0.0000000 0.0000000 0.0000000 0.0000000 0.0000000 0.0000000 0.0000000 0.0000000 0.0000000 0.0000000 0.0000000 0.0000000 0.0000000 0.0000000 0.0000000 0.0000000 0.0000000 0.0000000 0.0000000 0.0000000 0.0000000 0.0000000 0.0000000 0.0000000 0.0000000 0.0000000 0.0000000 
2.279913 2.198035 2.115202 2.033373 1.954761 1.881793 1.817059 1.763173 1.722580 1.697317 1.688735 1.697317 1.722580 1.763173 5.095748 5.160482 5.233450 5.312061 2.115202 2.198035 0.0000000 0.0000000 0.0000000 0.0000000 0.0000000 0.0000000 0.0000000 0.0000000 0.0000000 0.0000000 0.0000000 0.0000000 0.0000000 0.0000000 0.0000000 0.0000000 0.0000000 0.0000000 0.0000000 0.0000000 0.0000000 0.0000000 0.0000000 0.0000000 0.0000000 0.0000000 0.0000000 0.0000000 0.0000000 0.0000000 0.0000000 
2.207156 2.115202 2.021774 1.928959 1.839179 1.755199 1.680074 1.617018 1.569169 1.539219 1.529016 1.539219 1.569169 1.617020 4.958763 5.033888 5.117867 5.207647 2.021774 2.115202 0.0000000 0.0000000 0.0000000 0.0000000 0.0000000 0.0000000 0.0000000 0.0000000 0.0000000 0.0000000 0.0000000 0.0000000 0.0000000 0.0000000 0.0000000 0.0000000 0.0000000 0.0000000 0.0000000 0.0000000 0.0000000 0.0000000 0.0000000 0.0000000 0.0000000 0.0000000 0.0000000 0.0000000 0.0000000 0.0000000 0.0000000 
2.135582 2.033373 1.928959 1.824496 1.722580 1.626296 1.539219 1.465307 1.408635 1.372870 1.360631 1.372870 1.408635 5.238892 5.312803 5.399880 5.496164 1.824496 1.928959 2.033373 0.0000000 0.0000000 0.0000000 0.0000000 0.0000000 0.0000000 0.0000000 0.0000000 0.0000000 0.0000000 0.0000000 0.0000000 0.0000000 0.0000000 0.0000000 0.0000000 0.0000000 0.0000000 0.0000000 0.0000000 0.0000000 0.0000000 0.0000000 0.0000000 0.0000000 0.0000000 0.0000000 0.0000000 0.0000000 0.0000000 0.0000000 
2.067171 1.954761 1.839179 1.722580 1.607646 1.497712 1.396867 1.309959 1.242328 1.199131 1.184247 1.199133 1.242328 5.083545 5.170452 5.271296 5.381231 1.722581 1.839179 1.954761 0.0000000 0.0000000 0.0000000 0.0000000 0.0000000 0.0000000 0.0000000 0.0000000 0.0000000 0.0000000 0.0000000 0.0000000 0.0000000 0.0000000 0.0000000 0.0000000 0.0000000 0.0000000 0.0000000 0.0000000 0.0000000 0.0000000 0.0000000 0.0000000 0.0000000 0.0000000 0.0000000 0.0000000 0.0000000 0.0000000 0.0000000 
2.004045 1.881793 1.755199 1.626296 1.497712 1.372870 1.256271 1.153687 1.072129 1.019057 1.000563 1.019057 1.072131 4.927272 5.029856 5.146455 5.271296 1.626296 1.755199 1.881793 0.0000000 0.0000000 0.0000000 0.0000000 0.0000000 0.0000000 0.0000000 0.0000000 0.0000000 0.0000000 0.0000000 3.225806 3.225806 3.225806 3.225806 0.0000000 0.0000000 0.0000000 0.0000000 0.0000000 0.0000000 0.0000000 0.0000000 0.0000000 0.0000000 0.0000000 0.0000000 0.0000000 0.0000000 0.0000000 0.0000000 
1.948385 1.817059 1.680074 1.539219 1.396867 1.256271 1.122002 1.000563 0.900912 0.834075 0.810327 7.854831 7.921669 11.794905 11.916344 8.363189 8.503785 9.039218 12.354677 9.158329 0.0000000 0.0000000 0.0000000 0.0000000 0.0000000 0.0000000 0.0000000 0.0000000 0.0000000 0.0000000 0.0000000 3.225806 3.225806 3.225806 3.225806 0.0000000 0.0000000 0.0000000 0.0000000 0.0000000 0.0000000 0.0000000 0.0000000 0.0000000 0.0000000 0.0000000 0.0000000 0.0000000 0.0000000 0.0000000 0.0000000 
1.902330 1.763173 1.617018 1.465307 1.309959 1.153687 1.000563 0.857046 0.733657 0.646484 18.445070 25.497991 25.585161 30.359714 12.672483 9.138183 9.294456 8.965307 12.291623 9.104441 0.0000000 0.0000000 0.0000000 0.0000000 0.0000000 0.0000000 0.0000000 0.0000000 0.0000000 0.0000000 0.0000000 3.225806 3.225806 3.225806 3.225806 0.0000000 0.0000000 0.0000000 0.0000000 0.0000000 0.0000000 0.0000000 0.0000000 0.0000000 0.0000000 0.0000000 0.0000000 0.0000000 0.0000000 0.0000000 0.0000000 
1.867820 1.722580 1.569169 1.408635 1.242328 1.072129 0.900912 0.733657 0.580169 0.461202 27.775772 82.725250 86.018829 90.823471 63.628314 12.231229 9.226823 8.908634 12.243771 9.063850 0.0000000 0.0000000 0.0000000 0.0000000 0.0000000 0.0000000 0.0000000 0.0000000 0.0000000 0.0000000 0.0000000 3.225806 3.225806 3.225806 3.225806 0.0000000 0.0000000 0.0000000 0.0000000 0.0000000 0.0000000 0.0000000 0.0000000 0.0000000 0.0000000 0.0000000 0.0000000 0.0000000 0.0000000 0.0000000 0.0000000 
1.846428 1.697317 1.539219 1.372870 1.199131 1.019057 0.834075 0.646484 0.461202 0.293676 27.570705 85.732330 92.778167 97.614616 70.439781 15.881857 9.183628 8.872871 12.213822 9.038585 0.0000000 0.0000000 0.0000000 0.0000000 0.0000000 0.0000000 0.0000000 0.0000000 0.0000000 0.0000000 0.0000000 0.0000000 0.0000000 0.0000000 0.0000000 0.0000000 0.0000000 0.0000000 0.0000000 0.0000000 0.0000000 0.0000000 0.0000000 0.0000000 0.0000000 0.0000000 0.0000000 0.0000000 0.0000000 0.0000000 0.0000000 
1.839179 1.688735 1.529016 1.360631 1.184247 1.000563 0.810327 0.614320 0.413359 0.208293 27.362411 78.626190 85.709571 90.561691 63.395278 12.530033 5.835409 1.360631 1.529016 1.688735 0.0000000 0.0000000 0.0000000 0.0000000 0.0000000 0.0000000 0.0000000 0.0000000 0.0000000 0.0000000 0.0000000 0.0000000 0.0000000 0.0000000 0.0000000 0.0000000 0.0000000 0.0000000 0.0000000 0.0000000 0.0000000 0.0000000 0.0000000 0.0000000 0.0000000 0.0000000 0.0000000 0.0000000 0.0000000 0.0000000 0.0000000 
25.171550 25.022439 24.864341 1.372870 1.199133 1.019057 0.834075 0.646484 0.461202 0.293676 9.739956 80.846984 115.051933 115.237220 105.893150 35.056476 1.199131 1.372870 1.539219 1.697318 0.0000000 0.0000000 0.0000000 0.0000000 0.0000000 0.0000000 0.0000000 0.0000000 0.0000000 0.0000000 0.0000000 0.0000000 0.0000000 0.0000000 0.0000000 0.0000000 0.0000000 0.0000000 0.0000000 0.0000000 0.0000000 0.0000000 0.0000000 0.0000000 0.0000000 0.0000000 0.0000000 0.0000000 0.0000000 0.0000000 0.0000000 
25.192943 25.047702 24.894292 1.408635 1.242328 1.072131 0.900912 0.733656 0.580169 0.461202 0.413358 23.601966 85.347106 85.500595 85.667846 62.698284 1.242328 1.408635 1.569170 1.722581 0.0000000 0.0000000 0.0000000 0.0000000 0.0000000 0.0000000 0.0000000 0.0000000 0.0000000 0.0000000 0.0000000 0.0000000 0.0000000 0.0000000 0.0000000 0.0000000 0.0000000 0.0000000 0.0000000 0.0000000 0.0000000 0.0000000 0.0000000 0.0000000 0.0000000 0.0000000 0.0000000 0.0000000 0.0000000 0.0000000 0.0000000 
25.227453 25.088296 24.942144 1.465307 1.309961 1.153687 1.000563 0.857046 0.733656 0.646484 0.614320 20.612648 78.622283 78.745666 78.889190 59.076137 1.309961 1.465309 1.617021 1.763172 0.0000000 0.0000000 0.0000000 0.0000000 0.0000000 0.0000000 0.0000000 0.0000000 0.0000000 0.0000000 0.0000000 0.0000000 0.0000000 0.0000000 0.0000000 0.0000000 0.0000000 0.0000000 0.0000000 0.0000000 0.0000000 0.0000000 0.0000000 0.0000000 0.0000000 0.0000000 0.0000000 0.0000000 0.0000000 0.0000000 0.0000000 
25.273508 25.142183 25.005197 1.539219 1.396867 1.256272 1.122002 1.000563 0.900912 0.834075 0.810327 20.800237 78.789535 78.889190 79.010627 59.178722 1.396868 1.539221 1.680074 1.817059 0.0000000 0.0000000 0.0000000 0.0000000 0.0000000 0.0000000 0.0000000 0.0000000 0.0000000 0.0000000 0.0000000 0.0000000 0.0000000 0.0000000 0.0000000 0.0000000 0.0000000 0.0000000 0.0000000 0.0000000 0.0000000 0.0000000 0.0000000 0.0000000 0.0000000 0.0000000 0.0000000 0.0000000 0.0000000 0.0000000 0.0000000 
2.004045 1.881793 1.755200 1.626296 1.497712 1.372870 1.256272 1.153687 1.072131 1.019055 1.000563 1.019055 31.835468 31.917026 32.019607 32.136211 1.497712 1.626296 1.755199 1.881795 0.0000000 0.0000000 0.0000000 0.0000000 0.0000000 0.0000000 0.0000000 0.0000000 0.0000000 0.0000000 0.0000000 0.0000000 0.0000000 0.0000000 0.0000000 0.0000000 0.0000000 0.0000000 0.0000000 0.0000000 0.0000000 0.0000000 0.0000000 0.0000000 0.0000000 0.0000000 0.0000000 0.0000000 0.0000000 0.0000000 0.0000000 
2.067169 1.954761 1.839179 1.722580 1.607646 1.497712 1.396867 1.309961 1.242328 1.199131 1.184247 1.199131 1.242328 1.309961 1.396868 1.497712 1.607646 1.722580 1.839180 1.954763 0.0000000 0.0000000 0.0000000 0.0000000 0.0000000 0.0000000 0.0000000 0.0000000 0.0000000 0.0000000 0.0000000 0.0000000 0.0000000 0.0000000 0.0000000 0.0000000 0.0000000 0.0000000 0.0000000 0.0000000 0.0000000 0.0000000 0.0000000 0.0000000 0.0000000 0.0000000 0.0000000 0.0000000 0.0000000 0.0000000 0.0000000 
2.135582 2.033373 1.928959 1.824496 1.722581 1.626296 1.539219 1.465307 1.408635 1.372870 1.360631 1.372870 1.408635 1.465309 1.539221 1.626296 1.722580 1.824497 1.928961 2.033371 0.0000000 0.0000000 0.0000000 0.0000000 0.0000000 0.0000000 0.0000000 0.0000000 0.0000000 0.0000000 0.0000000 0.0000000 0.0000000 0.0000000 0.0000000 0.0000000 0.0000000 0.0000000 0.0000000 0.0000000 0.0000000 0.0000000 0.0000000 0.0000000 0.0000000 0.0000000 0.0000000 0.0000000 0.0000000 0.0000000 0.0000000 
2.207156 2.115202 2.021774 1.928959 1.839179 1.755199 1.680074 1.617020 1.569169 1.539219 1.529016 1.539219 1.569170 1.617021 1.680074 1.755199 1.839180 1.928961 2.021773 2.115202 0.0000000 0.0000000 0.0000000 0.0000000 0.0000000 0.0000000 0.0000000 0.0000000 0.0000000 0.0000000 0.0000000 0.0000000 0.0000000 0.0000000 0.0000000 0.0000000 0.0000000 0.0000000 0.0000000 0.0000000 0.0000000 0.0000000 0.0000000 0.0000000 0.0000000 0.0000000 0.0000000 0.0000000 0.0000000 0.0000000 0.0000000 
2.279913 2.198035 2.115202 2.033373 1.954761 1.881793 1.817060 1.763172 1.722581 1.697315 1.688735 1.697318 1.722581 1.763172 1.817059 1.881795 1.954763 2.033371 2.115202 2.198035 0.0000000 0.0000000 0.0000000 0.0000000 0.0000000 0.0000000 0.0000000 0.0000000 0.0000000 0.0000000 0.0000000 0.0000000 0.0000000 0.0000000 0.0000000 0.0000000 0.0000000 0.0000000 0.0000000 0.0000000 0.0000000 0.0000000 0.0000000 0.0000000 0.0000000 0.0000000 0.0000000 0.0000000 0.0000000 0.0000000 0.0000000 
0.0000000 0.0000000 0.0000000 0.0000000 0.0000000 0.0000000 0.0000000 0.0000000 0.0000000 0.0000000 0.0000000 0.0000000 0.0000000 0.0000000 0.0000000 0.0000000 0.0000000 0.0000000 0.0000000 0.0000000 0.0000000 0.0000000 0.0000000 0.0000000 0.0000000 0.0000000 0.0000000 0.0000000 0.0000000 0.0000000 0.0000000 0.0000000 0.0000000 0.0000000 0.0000000 0.0000000 0.0000000 0.0000000 0.0000000 0.0000000 0.0000000 0.0000000 0.0000000 0.0000000 0.0000000 0.0000000 0.0000000 0.0000000 0.0000000 0.0000000 0.0000000 
