Preview: resources/screenshots/bbbb.png
Seed: 1804289383
Lines: 20 Columns: 20
2.352044 2.279914 2.207157 2.135583 2.067171 2.004045 1.948386 1.902331 1.867821 1.846428 1.839179 1.846428 1.867821 1.902331 1.948386 2.004045 2.067170 2.135583 2.207157 2.279914 2.352043 
2.279914 2.198035 2.115203 2.033373 1.954762 1.881794 1.817059 1.763173 1.722580 1.697317 1.688735 1.697317 1.722580 1.763173 1.817060 1.881794 1.954762 2.033373 2.115203 2.198035 2.279914 
2.207157 2.115203 2.021774 1.928959 1.839179 1.755199 1.680075 1.617019 1.569170 1.539219 1.529016 1.539219 1.569170 1.617020 1.680075 1.755200 1.839179 1.928959 2.021774 2.115203 2.207157 
2.135583 2.033373 1.928959 1.824496 1.722580 1.626297 1.539219 1.465308 1.408635 1.372871 1.360632 1.372871 1.408635 1.465308 1.539219 1.626296 1.722580 1.824496 1.928959 2.033373 2.135583 
2.067171 1.954762 1.839179 1.722580 1.607647 1.497712 1.396868 1.309960 1.242328 1.199132 1.184247 1.199133 1.242328 1.309961 1.396867 1.497712 1.607647 1.722581 1.839179 1.954762 2.067170 
2.004045 1.881794 1.755199 1.626297 1.497712 1.372871 1.256271 1.153688 1.072130 1.019057 1.000564 1.019057 1.072131 1.153688 1.256272 1.372871 1.497712 1.626296 1.755199 1.881794 2.004045 
1.948386 1.817059 1.680075 1.539219 1.396868 1.256271 1.122003 1.000563 0.900912 0.834075 0.810327 0.834075 0.900912 1.000564 1.122002 1.256272 1.396867 1.539219 1.680074 1.817060 1.948385 
1.902331 1.763173 1.617019 1.465308 1.309960 1.153688 1.000563 0.857046 0.733658 0.646485 0.614320 0.646485 0.733657 0.857046 1.000564 1.153688 1.309961 1.465307 1.617020 1.763172 1.902332 
1.867821 1.722580 1.569170 1.408635 1.242328 1.072130 0.900912 0.733658 0.580169 0.461202 0.413359 0.461202 0.580169 0.733657 0.900912 1.072131 1.242328 1.408635 1.569169 1.722581 1.867821 
1.846428 1.697317 1.539219 1.372871 1.199132 1.019057 0.834075 0.646485 0.461202 0.293676 0.208294 0.293676 0.461202 0.646485 0.834075 1.019056 1.199132 1.372871 1.539219 1.697316 1.846428 
1.839179 1.688735 1.529016 1.360632 1.184247 1.000564 0.810327 0.614320 0.413359 0.208294 0.0000000 0.208294 0.413358 0.614320 0.810327 1.000564 1.184247 1.360632 1.529016 1.688736 1.839180 
1.846428 1.697317 1.539219 1.372871 1.199133 1.019057 0.834075 0.646485 0.461202 0.293676 0.208294 0.293676 0.461202 0.646485 0.834075 1.019056 1.199132 1.372871 1.539219 1.697318 1.846430 
1.867821 1.722580 1.569170 1.408635 1.242328 1.072131 0.900912 0.733657 0.580169 0.461202 0.413358 0.461202 0.580169 0.733657 0.900912 1.072131 1.242328 1.408635 1.569171 1.722582 1.867820 
1.902331 1.763173 1.617020 1.465308 1.309961 1.153688 1.000564 0.857046 0.733657 0.646485 0.614320 0.646485 0.733657 0.857045 1.000564 1.153688 1.309961 1.465309 1.617021 1.763172 1.902331 
1.948386 1.817060 1.680075 1.539219 1.396867 1.256272 1.122002 1.000564 0.900912 0.834075 0.810327 0.834075 0.900912 1.000564 1.122002 1.256271 1.396869 1.539221 1.680074 1.817059 1.948387 
2.004045 1.881794 1.755200 1.626296 1.497712 1.372871 1.256272 1.153688 1.072131 1.019056 1.000564 1.019056 1.072131 1.153688 1.256271 1.372872 1.497713 1.626296 1.755199 1.881795 2.004047 
2.067170 1.954762 1.839179 1.722580 1.607647 1.497712 1.396867 1.309961 1.242328 1.199132 1.184247 1.199132 1.242328 1.309961 1.396869 1.497713 1.607647 1.722580 1.839180 1.954763 2.067170 
2.135583 2.033373 1.928959 1.824496 1.722581 1.626296 1.539219 1.465307 1.408635 1.372871 1.360632 1.372871 1.408635 1.465309 1.539221 1.626296 1.722580 1.824497 1.928961 2.033372 2.135582 
2.207157 2.115203 2.021774 1.928959 1.839179 1.755199 1.680074 1.617020 1.569169 1.539219 1.529016 1.539219 1.569171 1.617021 1.680074 1.755199 1.839180 1.928961 2.021773 2.115203 2.207158 
2.279914 2.198035 2.115203 2.033373 1.954762 1.881794 1.817060 1.763172 1.722581 1.697316 1.688736 1.697318 1.722582 1.763172 1.817059 1.881795 1.954763 2.033372 2.115203 2.198036 2.279916 
2.352043 2.279914 2.207157 2.135583 2.067170 2.004045 1.948385 1.902332 1.867821 1.846428 1.839180 1.846430 1.867820 1.902331 1.948387 2.004047 2.067170 2.135582 2.207158 2.279916 2.352042 
